#This data file contains arbitrary data,
#It was made for a hexagonal lattice with 2 sites
#and 0 plaquettes and 6 bonds.
#There is 4 frames and the lattice size is 6x6x1
#2 is invisible, 0/1 is color 1/2 for sites and bonds
0 2 2 2 2 2 2 2  1 2 2 2 2 2 2 2  2 2 2 2 2 2 2 2  0 2 2 2 2 2 2 2  1 2 2 2 2 2 2 2  2 2 2 2 2 2 2 2  0 2 2 2 2 2 2 2  1 2 2 2 2 2 2 2  2 2 2 2 2 2 2 2  
2 1 2 2 2 0 2 2  2 2 2 2 2 2 2 2  2 0 2 2 2 2 0 2  2 1 2 2 2 0 2 2  2 2 2 2 2 2 2 2  2 0 2 2 2 2 0 2  2 1 2 2 2 0 2 2  2 2 2 2 2 2 2 2  2 0 2 2 2 2 0 2  
0 2 2 2 2 2 2 2  1 2 0 2 2 2 2 2  2 2 2 2 2 2 2 2  0 2 2 2 2 2 2 2  1 2 0 2 2 2 2 2  2 2 2 2 2 2 2 2  0 2 2 2 2 2 2 2  1 2 0 2 2 2 2 2  2 2 2 2 2 2 2 2  
2 1 2 2 2 2 2 2  2 2 2 2 2 2 2 2  2 0 2 2 2 2 2 2  2 1 2 2 2 2 2 2  2 2 2 2 2 2 2 2  2 0 2 2 2 2 2 2  2 1 2 2 2 2 2 2  2 2 2 2 2 2 2 2  2 0 2 2 2 2 2 2  
0 2 2 0 2 2 2 2  1 2 2 2 0 2 2 2  2 2 2 2 2 2 2 2  0 2 2 0 2 2 2 2  1 2 2 2 0 2 2 2  2 2 2 2 2 2 2 2  0 2 2 0 2 2 2 2  1 2 2 2 0 2 2 2  2 2 2 2 2 2 2 2  
2 1 2 2 2 2 2 0  2 2 2 2 2 2 2 2  2 0 2 2 2 2 2 2  2 1 2 2 2 2 2 0  2 2 2 2 2 2 2 2  2 0 2 2 2 2 2 2  2 1 2 2 2 2 2 0  2 2 2 2 2 2 2 2  2 0 2 2 2 2 2 2  


0 2 2 2 2 2 2 2  1 2 2 2 2 2 2 2  2 2 2 2 2 2 2 2  0 2 2 2 2 2 2 2  1 2 2 2 2 2 2 2  2 2 2 2 2 2 2 2  0 2 2 2 2 2 2 2  1 2 2 2 2 2 2 2  2 2 2 2 2 2 2 2  
2 1 2 2 2 0 2 2  2 2 2 2 2 2 2 2  2 0 2 2 2 2 0 2  2 1 2 2 2 0 2 2  2 2 2 2 2 2 2 2  2 0 2 2 2 2 0 2  2 1 2 2 2 0 2 2  2 2 2 2 2 2 2 2  2 0 2 2 2 2 0 2  
0 2 2 2 2 2 2 2  1 2 0 2 2 2 2 2  2 2 2 2 2 2 2 2  0 2 2 2 2 2 2 2  1 2 0 2 2 2 2 2  2 2 2 2 2 2 2 2  0 2 2 2 2 2 2 2  1 2 0 2 2 2 2 2  2 2 2 2 2 2 2 2  
2 1 2 2 2 2 2 2  2 2 2 2 2 2 2 2  2 0 2 2 2 2 2 2  2 1 2 2 2 2 2 2  2 2 2 2 2 2 2 2  2 0 2 2 2 2 2 2  2 1 2 2 2 2 2 2  2 2 2 2 2 2 2 2  2 0 2 2 2 2 2 2  
0 2 2 0 2 2 2 2  1 2 2 2 0 2 2 2  2 2 2 2 2 2 2 2  0 2 2 0 2 2 2 2  1 2 2 2 0 2 2 2  2 2 2 2 2 2 2 2  0 2 2 0 2 2 2 2  1 2 2 2 0 2 2 2  2 2 2 2 2 2 2 2  
2 1 2 2 2 2 2 0  2 2 2 2 2 2 2 2  2 0 2 2 2 2 2 2  2 1 2 2 2 2 2 0  2 2 2 2 2 2 2 2  2 0 2 2 2 2 2 2  2 1 2 2 2 2 2 0  2 2 2 2 2 2 2 2  2 0 2 2 2 2 2 2  
