#This data file contains arbitrary data,
#It was made for a triangle lattice with 1 sites
#and 0 plaquettes and 3 bonds. (s b b b)
#There is 4 frames and the lattice size is 6x6x1
0 1 1 1  1 0 0 0  0 2 2 2  1 0 0 0  0 1 1 1  1 0 0 0
0 0 1 0  0 0 1 1  0 0 0 1  0 1 0 1  1 1 0 1  0 0 0 0
0 0 1 0  0 1 1 1  1 0 1 1  1 0 1 1  1 1 1 1  0 0 0 1
0 0 1 1  0 0 1 0  1 1 0 0  1 0 1 1  0 1 0 0  1 1 0 0
1 1 0 0  1 1 1 0  0 1 0 0  0 0 0 0  1 1 0 1  1 1 0 0
1 0 0 1  0 1 0 0  1 1 0 1  0 1 1 0  1 0 0 0  0 0 0 1

0 1 0 0  1 1 0 1  0 1 0 1  0 1 0 1  1 0 0 1  0 0 0 0
1 0 1 0  0 1 1 1  1 1 0 1  1 0 1 1  0 1 0 1  1 0 1 1
0 0 0 0  0 1 1 1  0 1 1 0  0 1 0 0  1 0 0 0  0 0 1 0
1 1 0 0  1 0 1 0  1 1 0 1  0 1 1 1  0 0 1 1  1 1 0 0
0 0 1 1  0 0 1 0  1 0 0 1  1 0 0 0  0 0 1 1  1 0 1 1
0 0 0 0  0 0 0 0  0 1 0 1  1 1 0 0  0 1 1 0  0 0 1 1

0 0 1 0  1 0 1 0  0 0 1 1  1 0 0 1  0 1 0 0  0 0 0 1
0 1 0 0  0 0 1 1  1 1 0 1  0 1 0 1  0 1 0 0  0 1 1 1 
1 1 0 0  0 0 1 0  1 0 1 0  0 1 0 1  0 0 0 0  0 1 0 1
0 0 0 1  1 1 0 1  0 0 1 1  1 1 0 1  1 1 0 0  1 1 0 0
1 1 0 0  1 1 0 0  1 1 1 0  1 1 0 1  0 1 0  0 1 1 1 0
1 0 1 0  1 1 1 0  1 0 0 0  1 0 0 1  0 1 1 0  1 0 0 1
